Date: 7/2/2016

Flying Scan
Energy
Start: 700.00000000
Stop: 715.00000000
Increment: 0.10000000
X Center: 1.000000
Delay After Move (s): 0.00000000
Count Time (s): 0.50000000
Scan Number: 1
Bi-directional: No
Stay at End: 0
Description Length: 0

Time of Day	Time (s)	Energy	Beam Current	I0 ES	EY	Counter 2	LY	Clock	Counter 5	Energy	X	Y	Z	Theta	Magnet Field	Aperture Position	Aperture Size	Temp A	Temp B	Heater Power	Heater Range	Ion Gauge ES	Pirani Gauge ES	Temp A (HT)	Grating Motor	Grating Transverse	M1 UP LVDT	M1 DN LVDT	M2 UP LVDT	M2 DN LVDT	M3 UP LVDT	M3 DN LVDT	M2 Temperature	Hall Probe 1	Hall Probe 2	Hall Probe 3	Hall Probe 4	Gate	Magnet Resistance	Raw Magnet Voltage	Raw Magnet Current	Magnet Voltage	Magnet Current
20:38:18	58.67300000	700.10000000	498.83672689	18903.00000000	10100.00000000	0.00000000	40.00000000	94955.00000000	0.00000000	699.88752045	-0.49682540	-7.00000000	102.09987200	145.03800170	0.00000000	-2.79990141	0.49991549	0.00000000	0.00000000	0.00000000	0.00000000	0.00000046	0.00000000	0.00000000	-9687755.71746081	462199.00000000	NaN	NaN	NaN	NaN	0.00000000	0.00000000	27.50000000	0.00000000	0.00000000	0.00000000	0.00000000	0.00000000	0.00000000	0.00000000	0.00000000	0.00000000	0.00000000
20:38:18	58.67300000	700.20000000	498.83581136	22212.00000000	11885.00000000	0.00000000	46.00000000	111648.00000000	0.00000000	699.89079190	-0.49682540	-7.00000000	102.09987200	145.03800170	0.00000000	-2.79990141	0.49991549	0.00000000	0.00000000	0.00000000	0.00000000	0.00000046	0.00000000	0.00000000	-9687728.07250864	462199.00000000	NaN	NaN	NaN	NaN	0.00000000	0.00000000	27.50000000	0.00000000	0.00000000	0.00000000	0.00000000	0.00000000	0.00000000	0.00000000	0.00000000	0.00000000	0.00000000
20:38:18	58.67300000	700.30000000	498.83804932	16015.00000000	8595.00000000	0.00000000	35.00000000	81082.00000000	0.00000000	699.89862228	-0.49682540	-7.00000000	102.09987200	145.03800170	0.00000000	-2.79990141	0.49991549	0.00000000	0.00000000	0.00000000	0.00000000	0.00000046	0.00000000	0.00000000	-9687660.10894030	462199.00000000	NaN	NaN	NaN	NaN	0.00000000	0.00000000	27.50000000	0.00000000	0.00000000	0.00000000	0.00000000	0.00000000	0.00000000	0.00000000	0.00000000	0.00000000	0.00000000
20:38:18	58.67300000	700.40000000	498.83764242	22935.00000000	12341.00000000	0.00000000	49.00000000	115479.00000000	0.00000000	699.95563594	-0.49682540	-7.00000000	102.09987200	145.03800170	0.00000000	-2.79990141	0.49991549	0.00000000	0.00000000	0.00000000	0.00000000	0.00000046	0.00000000	0.00000000	-9687186.20797111	462199.00000000	NaN	NaN	NaN	NaN	0.00000000	0.00000000	27.50000000	0.00000000	0.00000000	0.00000000	0.00000000	0.00000000	0.00000000	0.00000000	0.00000000	0.00000000	0.00000000
20:38:18	58.67300000	700.50000000	498.83540446	19956.00000000	10717.00000000	0.00000000	42.00000000	100261.00000000	0.00000000	700.03724125	-0.49682540	-7.00000000	102.09987200	145.03800170	0.00000000	-2.79990141	0.49991549	0.00000000	0.00000000	0.00000000	0.00000000	0.00000046	0.00000000	0.00000000	-9686473.09389072	462199.00000000	NaN	NaN	NaN	NaN	0.00000000	0.00000000	27.50000000	0.00000000	0.00000000	0.00000000	0.00000000	0.00000000	0.00000000	0.00000000	0.00000000	0.00000000	0.00000000
20:38:18	58.67300000	700.60000000	498.83316650	20296.00000000	10896.00000000	0.00000000	43.00000000	102040.00000000	0.00000000	700.11541214	-0.49682540	-7.00000000	102.09987200	145.03800170	0.00000000	-2.79990141	0.49991549	0.00000000	0.00000000	0.00000000	0.00000000	0.00000046	0.00000000	0.00000000	-9685793.56522256	462199.00000000	NaN	NaN	NaN	NaN	0.00000000	0.00000000	27.50000000	0.00000000	0.00000000	0.00000000	0.00000000	0.00000000	0.00000000	0.00000000	0.00000000	0.00000000	0.00000000
20:38:18	58.67300000	700.70000000	498.83052165	19785.00000000	10525.00000000	0.00000000	42.00000000	98824.00000000	0.00000000	700.20926942	-0.49682540	-7.00000000	102.09987200	145.03800170	0.00000000	-2.79990141	0.49991549	0.00000000	0.00000000	0.00000000	0.00000000	0.00000046	0.00000000	0.00000000	-9685010.54598153	462199.00000000	NaN	NaN	NaN	NaN	0.00000000	0.00000000	27.50000000	0.00000000	0.00000000	0.00000000	0.00000000	0.00000000	0.00000000	0.00000000	0.00000000	0.00000000	0.00000000
20:38:18	58.67300000	700.80000000	498.82604574	16260.00000000	8696.00000000	0.00000000	34.00000000	81443.00000000	0.00000000	700.33449946	-0.49682540	-7.00000000	102.09987200	145.03800170	0.00000000	-2.79990141	0.49991549	0.00000000	0.00000000	0.00000000	0.00000000	0.00000046	0.00000000	0.00000000	-9683924.81715354	462199.00000000	NaN	NaN	NaN	NaN	0.00000000	0.00000000	27.50000000	0.00000000	0.00000000	0.00000000	0.00000000	0.00000000	0.00000000	0.00000000	0.00000000	0.00000000	0.00000000
20:38:18	58.67300000	700.90000000	498.81943359	21017.00000000	11255.00000000	0.00000000	44.00000000	105227.00000000	0.00000000	700.42436417	-0.49682540	-7.00000000	102.09987200	145.03800170	0.00000000	-2.79990141	0.49991549	0.00000000	0.00000000	0.00000000	0.00000000	0.00000046	0.00000000	0.00000000	-9683102.76432374	462199.00000000	NaN	NaN	NaN	NaN	0.00000000	0.00000000	27.50000000	0.00000000	0.00000000	0.00000000	0.00000000	0.00000000	0.00000000	0.00000000	0.00000000	0.00000000	0.00000000
20:38:18	58.67300000	701.00000000	498.81048177	20008.00000000	10706.00000000	0.00000000	43.00000000	100469.00000000	0.00000000	700.49654620	-0.49682540	-7.00000000	102.09987200	145.03800170	0.00000000	-2.79990141	0.49991549	0.00000000	0.00000000	0.00000000	0.00000000	0.00000046	0.00000000	0.00000000	-9682477.17596320	462199.00000000	NaN	NaN	NaN	NaN	0.00000000	0.00000000	27.50000000	0.00000000	0.00000000	0.00000000	0.00000000	0.00000000	0.00000000	0.00000000	0.00000000	0.00000000	0.00000000
20:38:18	58.67300000	701.10000000	498.80498861	22039.00000000	11728.00000000	0.00000000	46.00000000	110034.00000000	0.00000000	700.62959181	-0.49682540	-7.00000000	102.09987200	145.03800170	0.00000000	-2.79990141	0.49991549	0.00000000	0.00000000	0.00000000	0.00000000	0.00000046	0.00000000	0.00000000	-9681383.63076825	462199.00000000	NaN	NaN	NaN	NaN	0.00000000	0.00000000	27.50000000	0.00000000	0.00000000	0.00000000	0.00000000	0.00000000	0.00000000	0.00000000	0.00000000	0.00000000	0.00000000
20:38:18	58.67300000	701.20000000	498.80020752	21651.00000000	11587.00000000	0.00000000	46.00000000	108438.00000000	0.00000000	700.74383180	-0.49682540	-7.00000000	102.09987200	145.03800170	0.00000000	-2.79990141	0.49991549	0.00000000	0.00000000	0.00000000	0.00000000	0.00000046	0.00000000	0.00000000	-9680329.85107965	462199.00000000	NaN	NaN	NaN	NaN	0.00000000	0.00000000	27.50000000	0.00000000	0.00000000	0.00000000	0.00000000	0.00000000	0.00000000	0.00000000	0.00000000	0.00000000	0.00000000
20:38:18	58.67300000	701.30000000	498.79125570	17577.00000000	9379.00000000	0.00000000	37.00000000	87714.00000000	0.00000000	700.82046058	-0.49682540	-7.00000000	102.09987200	145.03800170	0.00000000	-2.79990141	0.49991549	0.00000000	0.00000000	0.00000000	0.00000000	0.00000046	0.00000000	0.00000000	-9679666.57355526	462199.00000000	NaN	NaN	NaN	NaN	0.00000000	0.00000000	27.50000000	0.00000000	0.00000000	0.00000000	0.00000000	0.00000000	0.00000000	0.00000000	0.00000000	0.00000000	0.00000000
20:38:18	58.67300000	701.40000000	498.78555908	19150.00000000	10209.00000000	0.00000000	40.00000000	95064.00000000	0.00000000	700.93461612	-0.49682540	-7.00000000	102.09987200	145.03800170	0.00000000	-2.79990141	0.49991549	0.00000000	0.00000000	0.00000000	0.00000000	0.00000046	0.00000000	0.00000000	-9678751.57584970	462199.00000000	NaN	NaN	NaN	NaN	0.00000000	0.00000000	27.50000000	0.00000000	0.00000000	0.00000000	0.00000000	0.00000000	0.00000000	0.00000000	0.00000000	0.00000000	0.00000000
20:38:18	58.67300000	701.50000000	498.78555908	22150.00000000	11813.00000000	0.00000000	47.00000000	110638.00000000	0.00000000	701.06753503	-0.49682540	-7.00000000	102.09987200	145.03800170	0.00000000	-2.79990141	0.49991549	0.00000000	0.00000000	0.00000000	0.00000000	0.00000046	0.00000000	0.00000000	-9677601.27449650	462199.00000000	NaN	NaN	NaN	NaN	0.00000000	0.00000000	27.50000000	0.00000000	0.00000000	0.00000000	0.00000000	0.00000000	0.00000000	0.00000000	0.00000000	0.00000000	0.00000000
20:38:18	58.67300000	701.60000000	498.78408407	20746.00000000	11009.00000000	0.00000000	43.00000000	103034.00000000	0.00000000	701.14438617	-0.49682540	-7.00000000	102.09987200	145.03800170	0.00000000	-2.79990141	0.49991549	0.00000000	0.00000000	0.00000000	0.00000000	0.00000046	0.00000000	0.00000000	-9676850.67215098	462199.00000000	NaN	NaN	NaN	NaN	0.00000000	0.00000000	27.50000000	0.00000000	0.00000000	0.00000000	0.00000000	0.00000000	0.00000000	0.00000000	0.00000000	0.00000000	0.00000000
20:38:18	58.67300000	701.70000000	498.78184611	15917.00000000	8513.00000000	0.00000000	34.00000000	79671.00000000	0.00000000	701.24110641	-0.49682540	-7.00000000	102.09987200	145.03800170	0.00000000	-2.79990141	0.49991549	0.00000000	0.00000000	0.00000000	0.00000000	0.00000046	0.00000000	0.00000000	-9676103.16543791	462199.00000000	NaN	NaN	NaN	NaN	0.00000000	0.00000000	27.50000000	0.00000000	0.00000000	0.00000000	0.00000000	0.00000000	0.00000000	0.00000000	0.00000000	0.00000000	0.00000000
20:38:18	58.67300000	701.80000000	498.77960815	24372.00000000	12943.00000000	0.00000000	51.00000000	120994.00000000	0.00000000	701.37756487	-0.49682540	-7.00000000	102.09987200	145.03800170	0.00000000	-2.79990141	0.49991549	0.00000000	0.00000000	0.00000000	0.00000000	0.00000046	0.00000000	0.00000000	-9674900.10047955	462199.00000000	NaN	NaN	NaN	NaN	0.00000000	0.00000000	27.50000000	0.00000000	0.00000000	0.00000000	0.00000000	0.00000000	0.00000000	0.00000000	0.00000000	0.00000000	0.00000000
20:38:18	58.67300000	701.90000000	498.77792969	18321.00000000	9769.00000000	0.00000000	38.00000000	90967.00000000	0.00000000	701.46542713	-0.49682540	-7.00000000	102.09987200	145.03800170	0.00000000	-2.79990141	0.49991549	0.00000000	0.00000000	0.00000000	0.00000000	0.00000046	0.00000000	0.00000000	-9674008.56850718	462199.00000000	NaN	NaN	NaN	NaN	0.00000000	0.00000000	27.50000000	0.00000000	0.00000000	0.00000000	0.00000000	0.00000000	0.00000000	0.00000000	0.00000000	0.00000000	0.00000000
20:38:18	58.67300000	702.00000000	498.77792969	15789.00000000	8397.00000000	0.00000000	33.00000000	78196.00000000	0.00000000	701.52899131	-0.49682540	-7.00000000	102.09987200	145.03800170	0.00000000	-2.79990141	0.49991549	0.00000000	0.00000000	0.00000000	0.00000000	0.00000046	0.00000000	0.00000000	-9673481.75807936	462199.00000000	NaN	NaN	NaN	NaN	0.00000000	0.00000000	27.50000000	0.00000000	0.00000000	0.00000000	0.00000000	0.00000000	0.00000000	0.00000000	0.00000000	0.00000000	0.00000000
20:38:18	58.67300000	702.10000000	498.77792969	23847.00000000	12685.00000000	0.00000000	50.00000000	118474.00000000	0.00000000	701.65921533	-0.49682540	-7.00000000	102.09987200	145.03800170	0.00000000	-2.79990141	0.49991549	0.00000000	0.00000000	0.00000000	0.00000000	0.00000046	0.00000000	0.00000000	-9672492.13264665	462199.00000000	NaN	NaN	NaN	NaN	0.00000000	0.00000000	27.50000000	0.00000000	0.00000000	0.00000000	0.00000000	0.00000000	0.00000000	0.00000000	0.00000000	0.00000000	0.00000000
20:38:18	58.67300000	702.20000000	498.77792969	20119.00000000	10662.00000000	0.00000000	42.00000000	99645.00000000	0.00000000	701.77346065	-0.49682540	-7.00000000	102.09987200	145.03800170	0.00000000	-2.79990141	0.49991549	0.00000000	0.00000000	0.00000000	0.00000000	0.00000046	0.00000000	0.00000000	-9671405.93135038	462199.00000000	NaN	NaN	NaN	NaN	0.00000000	0.00000000	27.50000000	0.00000000	0.00000000	0.00000000	0.00000000	0.00000000	0.00000000	0.00000000	0.00000000	0.00000000	0.00000000
20:38:18	58.67300000	702.30000000	498.77604777	18722.00000000	9946.00000000	0.00000000	39.00000000	93135.00000000	0.00000000	701.85574856	-0.49682540	-7.00000000	102.09987200	145.03800170	0.00000000	-2.79990141	0.49991549	0.00000000	0.00000000	0.00000000	0.00000000	0.00000046	0.00000000	0.00000000	-9670700.16086295	462199.00000000	NaN	NaN	NaN	NaN	0.00000000	0.00000000	27.50000000	0.00000000	0.00000000	0.00000000	0.00000000	0.00000000	0.00000000	0.00000000	0.00000000	0.00000000	0.00000000
20:38:18	58.67300000	702.40000000	498.77442017	21958.00000000	11651.00000000	0.00000000	46.00000000	108411.00000000	0.00000000	701.98088435	-0.49682540	-7.00000000	102.09987200	145.03800170	0.00000000	-2.79990141	0.49991549	0.00000000	0.00000000	0.00000000	0.00000000	0.00000046	0.00000000	0.00000000	-9669772.97152036	462199.00000000	NaN	NaN	NaN	NaN	0.00000000	0.00000000	27.50000000	0.00000000	0.00000000	0.00000000	0.00000000	0.00000000	0.00000000	0.00000000	0.00000000	0.00000000	0.00000000
20:38:18	58.67300000	702.50000000	498.77665812	17552.00000000	9325.00000000	0.00000000	36.00000000	86975.00000000	0.00000000	702.12744408	-0.49682540	-7.00000000	102.09987200	145.03800170	0.00000000	-2.79990141	0.49991549	0.00000000	0.00000000	0.00000000	0.00000000	0.00000046	0.00000000	0.00000000	-9668519.80441881	462199.00000000	NaN	NaN	NaN	NaN	0.00000000	0.00000000	27.50000000	0.00000000	0.00000000	0.00000000	0.00000000	0.00000000	0.00000000	0.00000000	0.00000000	0.00000000	0.00000000
20:38:18	58.67300000	702.60000000	498.77792969	17804.00000000	9421.00000000	0.00000000	37.00000000	87781.00000000	0.00000000	702.20010714	-0.49682540	-7.00000000	102.09987200	145.03800170	0.00000000	-2.79990141	0.49991549	0.00000000	0.00000000	0.00000000	0.00000000	0.00000046	0.00000000	0.00000000	-9667714.33822500	462199.00000000	NaN	NaN	NaN	NaN	0.00000000	0.00000000	27.50000000	0.00000000	0.00000000	0.00000000	0.00000000	0.00000000	0.00000000	0.00000000	0.00000000	0.00000000	0.00000000
20:38:18	58.67300000	702.70000000	498.77792969	24425.00000000	12941.00000000	0.00000000	51.00000000	120629.00000000	0.00000000	702.27296395	-0.49682540	-7.00000000	102.09987200	145.03800170	0.00000000	-2.79990141	0.49991549	0.00000000	0.00000000	0.00000000	0.00000000	0.00000046	0.00000000	0.00000000	-9667082.40706034	462199.00000000	NaN	NaN	NaN	NaN	0.00000000	0.00000000	27.50000000	0.00000000	0.00000000	0.00000000	0.00000000	0.00000000	0.00000000	0.00000000	0.00000000	0.00000000	0.00000000
20:38:18	58.67300000	702.80000000	498.77630208	22395.00000000	11861.00000000	0.00000000	47.00000000	110414.00000000	0.00000000	702.34620827	-0.49682540	-7.00000000	102.09987200	145.03800170	0.00000000	-2.79990141	0.49991549	0.00000000	0.00000000	0.00000000	0.00000000	0.00000046	0.00000000	0.00000000	-9666411.82927503	462199.00000000	NaN	NaN	NaN	NaN	0.00000000	0.00000000	27.50000000	0.00000000	0.00000000	0.00000000	0.00000000	0.00000000	0.00000000	0.00000000	0.00000000	0.00000000	0.00000000
20:38:18	58.67300000	702.90000000	498.77411499	17023.00000000	9034.00000000	0.00000000	35.00000000	84069.00000000	0.00000000	702.46660026	-0.49682540	-7.00000000	102.09987200	145.03800170	0.00000000	-2.79990141	0.49991549	0.00000000	0.00000000	0.00000000	0.00000000	0.00000046	0.00000000	0.00000000	-9665554.22133088	462199.00000000	NaN	NaN	NaN	NaN	0.00000000	0.00000000	27.50000000	0.00000000	0.00000000	0.00000000	0.00000000	0.00000000	0.00000000	0.00000000	0.00000000	0.00000000	0.00000000
20:38:18	58.67300000	703.00000000	498.77411499	21456.00000000	11322.00000000	0.00000000	44.00000000	105489.00000000	0.00000000	702.61056607	-0.49682540	-7.00000000	102.09987200	145.03800170	0.00000000	-2.79990141	0.49991549	0.00000000	0.00000000	0.00000000	0.00000000	0.00000046	0.00000000	0.00000000	-9664346.68599275	462199.00000000	NaN	NaN	NaN	NaN	0.00000000	0.00000000	27.50000000	0.00000000	0.00000000	0.00000000	0.00000000	0.00000000	0.00000000	0.00000000	0.00000000	0.00000000	0.00000000
20:38:18	58.67300000	703.10000000	498.77482707	21253.00000000	11209.00000000	0.00000000	44.00000000	104721.00000000	0.00000000	702.68113581	-0.49682540	-7.00000000	102.09987200	145.03800170	0.00000000	-2.79990141	0.49991549	0.00000000	0.00000000	0.00000000	0.00000000	0.00000046	0.00000000	0.00000000	-9663536.84567888	462199.00000000	NaN	NaN	NaN	NaN	0.00000000	0.00000000	27.50000000	0.00000000	0.00000000	0.00000000	0.00000000	0.00000000	0.00000000	0.00000000	0.00000000	0.00000000	0.00000000
20:38:18	58.67300000	703.20000000	498.77706502	18921.00000000	10022.00000000	0.00000000	39.00000000	93262.00000000	0.00000000	702.77420161	-0.49682540	-7.00000000	102.09987200	145.03800170	0.00000000	-2.79990141	0.49991549	0.00000000	0.00000000	0.00000000	0.00000000	0.00000046	0.00000000	0.00000000	-9662929.22317397	462199.00000000	NaN	NaN	NaN	NaN	0.00000000	0.00000000	27.50000000	0.00000000	0.00000000	0.00000000	0.00000000	0.00000000	0.00000000	0.00000000	0.00000000	0.00000000	0.00000000
20:38:18	58.67300000	703.30000000	498.77792969	16979.00000000	8928.00000000	0.00000000	35.00000000	83142.00000000	0.00000000	702.91225956	-0.49682540	-7.00000000	102.09987200	145.03800170	0.00000000	-2.79990141	0.49991549	0.00000000	0.00000000	0.00000000	0.00000000	0.00000046	0.00000000	0.00000000	-9661753.15257396	462199.00000000	NaN	NaN	NaN	NaN	0.00000000	0.00000000	27.50000000	0.00000000	0.00000000	0.00000000	0.00000000	0.00000000	0.00000000	0.00000000	0.00000000	0.00000000	0.00000000
20:38:18	58.67300000	703.40000000	498.77792969	22345.00000000	11806.00000000	0.00000000	47.00000000	109732.00000000	0.00000000	703.00945530	-0.49682540	-7.00000000	102.09987200	145.03800170	0.00000000	-2.79990141	0.49991549	0.00000000	0.00000000	0.00000000	0.00000000	0.00000046	0.00000000	0.00000000	-9660718.74648193	462199.00000000	NaN	NaN	NaN	NaN	0.00000000	0.00000000	27.50000000	0.00000000	0.00000000	0.00000000	0.00000000	0.00000000	0.00000000	0.00000000	0.00000000	0.00000000	0.00000000
20:38:18	58.67300000	703.50000000	498.77589518	19317.00000000	10188.00000000	0.00000000	40.00000000	94822.00000000	0.00000000	703.08621993	-0.49682540	-7.00000000	102.09987200	145.03800170	0.00000000	-2.79990141	0.49991549	0.00000000	0.00000000	0.00000000	0.00000000	0.00000046	0.00000000	0.00000000	-9660059.26860751	462199.00000000	NaN	NaN	NaN	NaN	0.00000000	0.00000000	27.50000000	0.00000000	0.00000000	0.00000000	0.00000000	0.00000000	0.00000000	0.00000000	0.00000000	0.00000000	0.00000000
20:38:18	58.67300000	703.60000000	498.77319946	23422.00000000	12344.00000000	0.00000000	48.00000000	114769.00000000	0.00000000	703.20953472	-0.49682540	-7.00000000	102.09987200	145.03800170	0.00000000	-2.79990141	0.49991549	0.00000000	0.00000000	0.00000000	0.00000000	0.00000046	0.00000000	0.00000000	-9659156.58817459	462199.00000000	NaN	NaN	NaN	NaN	0.00000000	0.00000000	27.50000000	0.00000000	0.00000000	0.00000000	0.00000000	0.00000000	0.00000000	0.00000000	0.00000000	0.00000000	0.00000000
20:38:18	58.67300000	703.70000000	498.76872355	16633.00000000	8776.00000000	0.00000000	35.00000000	81432.00000000	0.00000000	703.31525379	-0.49682540	-7.00000000	102.09987200	145.03800170	0.00000000	-2.79990141	0.49991549	0.00000000	0.00000000	0.00000000	0.00000000	0.00000046	0.00000000	0.00000000	-9658096.27645374	462199.00000000	NaN	NaN	NaN	NaN	0.00000000	0.00000000	27.50000000	0.00000000	0.00000000	0.00000000	0.00000000	0.00000000	0.00000000	0.00000000	0.00000000	0.00000000	0.00000000
20:38:18	58.67300000	703.80000000	498.76200968	23668.00000000	12478.00000000	0.00000000	48.00000000	115908.00000000	0.00000000	703.38578144	-0.49682540	-7.00000000	102.09987200	145.03800170	0.00000000	-2.79990141	0.49991549	0.00000000	0.00000000	0.00000000	0.00000000	0.00000046	0.00000000	0.00000000	-9657454.38174224	462199.00000000	NaN	NaN	NaN	NaN	0.00000000	0.00000000	27.50000000	0.00000000	0.00000000	0.00000000	0.00000000	0.00000000	0.00000000	0.00000000	0.00000000	0.00000000	0.00000000
20:38:18	58.67300000	703.90000000	498.75305786	20244.00000000	10674.00000000	0.00000000	42.00000000	98819.00000000	0.00000000	703.50508660	-0.49682540	-7.00000000	102.09987200	145.03800170	0.00000000	-2.79990141	0.49991549	0.00000000	0.00000000	0.00000000	0.00000000	0.00000046	0.00000000	0.00000000	-9656699.76792414	462199.00000000	NaN	NaN	NaN	NaN	0.00000000	0.00000000	27.50000000	0.00000000	0.00000000	0.00000000	0.00000000	0.00000000	0.00000000	0.00000000	0.00000000	0.00000000	0.00000000
20:38:18	58.67300000	704.00000000	498.74588623	20477.00000000	10834.00000000	0.00000000	42.00000000	100454.00000000	0.00000000	703.64878052	-0.49682540	-7.00000000	102.09987200	145.03800170	0.00000000	-2.79990141	0.49991549	0.00000000	0.00000000	0.00000000	0.00000000	0.00000046	0.00000000	0.00000000	-9655464.49891743	462199.00000000	NaN	NaN	NaN	NaN	0.00000000	0.00000000	27.50000000	0.00000000	0.00000000	0.00000000	0.00000000	0.00000000	0.00000000	0.00000000	0.00000000	0.00000000	0.00000000
20:38:18	58.67300000	704.10000000	498.73896891	16398.00000000	8604.00000000	0.00000000	34.00000000	79982.00000000	0.00000000	703.72297804	-0.49682540	-7.00000000	102.09987200	145.03800170	0.00000000	-2.79990141	0.49991549	0.00000000	0.00000000	0.00000000	0.00000000	0.00000046	0.00000000	0.00000000	-9654559.06116120	462199.00000000	NaN	NaN	NaN	NaN	0.00000000	0.00000000	27.50000000	0.00000000	0.00000000	0.00000000	0.00000000	0.00000000	0.00000000	0.00000000	0.00000000	0.00000000	0.00000000
20:38:18	58.67300000	704.20000000	498.73001709	23447.00000000	12239.00000000	0.00000000	48.00000000	114380.00000000	0.00000000	703.81865324	-0.49682540	-7.00000000	102.09987200	145.03800170	0.00000000	-2.79990141	0.49991549	0.00000000	0.00000000	0.00000000	0.00000000	0.00000046	0.00000000	0.00000000	-9653922.87340538	462199.00000000	NaN	NaN	NaN	NaN	0.00000000	0.00000000	27.50000000	0.00000000	0.00000000	0.00000000	0.00000000	0.00000000	0.00000000	0.00000000	0.00000000	0.00000000	0.00000000
20:38:18	58.67300000	704.30000000	498.72625326	20332.00000000	10592.00000000	0.00000000	42.00000000	98909.00000000	0.00000000	703.95728381	-0.49682540	-7.00000000	102.09987200	145.03800170	0.00000000	-2.79990141	0.49991549	0.00000000	0.00000000	0.00000000	0.00000000	0.00000046	0.00000000	0.00000000	-9652731.06355260	462199.00000000	NaN	NaN	NaN	NaN	0.00000000	0.00000000	27.50000000	0.00000000	0.00000000	0.00000000	0.00000000	0.00000000	0.00000000	0.00000000	0.00000000	0.00000000	0.00000000
20:38:18	58.67300000	704.40000000	498.73072917	17033.00000000	8926.00000000	0.00000000	34.00000000	82718.00000000	0.00000000	704.05445712	-0.49682540	-7.00000000	102.09987200	145.03800170	0.00000000	-2.79990141	0.49991549	0.00000000	0.00000000	0.00000000	0.00000000	0.00000046	0.00000000	0.00000000	-9651558.10682305	462199.00000000	NaN	NaN	NaN	NaN	0.00000000	0.00000000	27.50000000	0.00000000	0.00000000	0.00000000	0.00000000	0.00000000	0.00000000	0.00000000	0.00000000	0.00000000	0.00000000
20:38:18	58.67300000	704.50000000	498.72604980	21838.00000000	11469.00000000	0.00000000	45.00000000	106216.00000000	0.00000000	704.13090180	-0.49682540	-7.00000000	102.09987200	145.03800170	0.00000000	-2.79990141	0.49991549	0.00000000	0.00000000	0.00000000	0.00000000	0.00000046	0.00000000	0.00000000	-9650866.23642673	462199.00000000	NaN	NaN	NaN	NaN	0.00000000	0.00000000	27.50000000	0.00000000	0.00000000	0.00000000	0.00000000	0.00000000	0.00000000	0.00000000	0.00000000	0.00000000	0.00000000
20:38:18	58.67300000	704.60000000	498.71709798	22828.00000000	11976.00000000	0.00000000	47.00000000	111024.00000000	0.00000000	704.20734648	-0.49682540	-7.00000000	102.09987200	145.03800170	0.00000000	-2.79990141	0.49991549	0.00000000	0.00000000	0.00000000	0.00000000	0.00000046	0.00000000	0.00000000	-9650239.63418107	462199.00000000	NaN	NaN	NaN	NaN	0.00000000	0.00000000	27.50000000	0.00000000	0.00000000	0.00000000	0.00000000	0.00000000	0.00000000	0.00000000	0.00000000	0.00000000	0.00000000
20:38:18	58.67300000	704.70000000	498.71689453	18710.00000000	9824.00000000	0.00000000	38.00000000	90944.00000000	0.00000000	704.30728379	-0.49682540	-7.00000000	102.09987200	145.03800170	0.00000000	-2.79990141	0.49991549	0.00000000	0.00000000	0.00000000	0.00000000	0.00000046	0.00000000	0.00000000	-9649679.78345312	462199.00000000	NaN	NaN	NaN	NaN	0.00000000	0.00000000	27.50000000	0.00000000	0.00000000	0.00000000	0.00000000	0.00000000	0.00000000	0.00000000	0.00000000	0.00000000	0.00000000
20:38:18	58.67300000	704.80000000	498.71689453	19733.00000000	10281.00000000	0.00000000	40.00000000	95735.00000000	0.00000000	704.45420634	-0.49682540	-7.00000000	102.09987200	145.03800170	0.00000000	-2.79990141	0.49991549	0.00000000	0.00000000	0.00000000	0.00000000	0.00000046	0.00000000	0.00000000	-9648577.32833801	462199.00000000	NaN	NaN	NaN	NaN	0.00000000	0.00000000	27.50000000	0.00000000	0.00000000	0.00000000	0.00000000	0.00000000	0.00000000	0.00000000	0.00000000	0.00000000	0.00000000
20:38:18	58.67300000	704.90000000	498.71689453	20848.00000000	10908.00000000	0.00000000	43.00000000	101306.00000000	0.00000000	704.54982918	-0.49682540	-7.00000000	102.09987200	145.03800170	0.00000000	-2.79990141	0.49991549	0.00000000	0.00000000	0.00000000	0.00000000	0.00000046	0.00000000	0.00000000	-9647424.93285690	462199.00000000	NaN	NaN	NaN	NaN	0.00000000	0.00000000	27.50000000	0.00000000	0.00000000	0.00000000	0.00000000	0.00000000	0.00000000	0.00000000	0.00000000	0.00000000	0.00000000
20:38:18	58.67300000	705.00000000	498.71689453	21682.00000000	11359.00000000	0.00000000	44.00000000	104803.00000000	0.00000000	704.61980215	-0.49682540	-7.00000000	102.09987200	145.03800170	0.00000000	-2.79990141	0.49991549	0.00000000	0.00000000	0.00000000	0.00000000	0.00000046	0.00000000	0.00000000	-9646826.86606515	462199.00000000	NaN	NaN	NaN	NaN	0.00000000	0.00000000	27.50000000	0.00000000	0.00000000	0.00000000	0.00000000	0.00000000	0.00000000	0.00000000	0.00000000	0.00000000	0.00000000
20:38:18	58.67300000	705.10000000	498.71689453	19406.00000000	10173.00000000	0.00000000	40.00000000	94126.00000000	0.00000000	704.75861401	-0.49682540	-7.00000000	102.09987200	145.03800170	0.00000000	-2.79990141	0.49991549	0.00000000	0.00000000	0.00000000	0.00000000	0.00000046	0.00000000	0.00000000	-9645969.78387534	462199.00000000	NaN	NaN	NaN	NaN	0.00000000	0.00000000	27.50000000	0.00000000	0.00000000	0.00000000	0.00000000	0.00000000	0.00000000	0.00000000	0.00000000	0.00000000	0.00000000
20:38:18	58.67300000	705.20000000	498.71689453	19454.00000000	10098.00000000	0.00000000	40.00000000	93806.00000000	0.00000000	704.87680139	-0.49682540	-7.00000000	102.09987200	145.03800170	0.00000000	-2.79990141	0.49991549	0.00000000	0.00000000	0.00000000	0.00000000	0.00000046	0.00000000	0.00000000	-9644780.63066237	462199.00000000	NaN	NaN	NaN	NaN	0.00000000	0.00000000	27.50000000	0.00000000	0.00000000	0.00000000	0.00000000	0.00000000	0.00000000	0.00000000	0.00000000	0.00000000	0.00000000
20:38:18	58.67300000	705.30000000	498.71689453	23557.00000000	12323.00000000	0.00000000	48.00000000	114029.00000000	0.00000000	704.95373979	-0.49682540	-7.00000000	102.09987200	145.03800170	0.00000000	-2.79990141	0.49991549	0.00000000	0.00000000	0.00000000	0.00000000	0.00000046	0.00000000	0.00000000	-9643991.31931379	462199.00000000	NaN	NaN	NaN	NaN	0.00000000	0.00000000	27.50000000	0.00000000	0.00000000	0.00000000	0.00000000	0.00000000	0.00000000	0.00000000	0.00000000	0.00000000	0.00000000
20:38:18	58.67300000	705.40000000	498.71689453	18031.00000000	9419.00000000	0.00000000	37.00000000	86970.00000000	0.00000000	705.06577913	-0.49682540	-7.00000000	102.09987200	145.03800170	0.00000000	-2.79990141	0.49991549	0.00000000	0.00000000	0.00000000	0.00000000	0.00000046	0.00000000	0.00000000	-9643301.74603501	462199.00000000	NaN	NaN	NaN	NaN	0.00000000	0.00000000	27.50000000	0.00000000	0.00000000	0.00000000	0.00000000	0.00000000	0.00000000	0.00000000	0.00000000	0.00000000	0.00000000
20:38:18	58.67300000	705.50000000	498.71689453	18497.00000000	9659.00000000	0.00000000	37.00000000	89251.00000000	0.00000000	705.19536894	-0.49682540	-7.00000000	102.09987200	145.03800170	0.00000000	-2.79990141	0.49991549	0.00000000	0.00000000	0.00000000	0.00000000	0.00000046	0.00000000	0.00000000	-9642175.68559674	462199.00000000	NaN	NaN	NaN	NaN	0.00000000	0.00000000	27.50000000	0.00000000	0.00000000	0.00000000	0.00000000	0.00000000	0.00000000	0.00000000	0.00000000	0.00000000	0.00000000
20:38:18	58.67300000	705.60000000	498.71689453	22968.00000000	11994.00000000	0.00000000	47.00000000	110934.00000000	0.00000000	705.26679977	-0.49682540	-7.00000000	102.09987200	145.03800170	0.00000000	-2.79990141	0.49991549	0.00000000	0.00000000	0.00000000	0.00000000	0.00000046	0.00000000	0.00000000	-9641234.85586585	462199.00000000	NaN	NaN	NaN	NaN	0.00000000	0.00000000	27.50000000	0.00000000	0.00000000	0.00000000	0.00000000	0.00000000	0.00000000	0.00000000	0.00000000	0.00000000	0.00000000
20:38:18	58.67300000	705.70000000	498.71689453	17534.00000000	9147.00000000	0.00000000	36.00000000	84560.00000000	0.00000000	705.36061834	-0.49682540	-7.00000000	102.09987200	145.03800170	0.00000000	-2.79990141	0.49991549	0.00000000	0.00000000	0.00000000	0.00000000	0.00000046	0.00000000	0.00000000	-9640593.66404394	462199.00000000	NaN	NaN	NaN	NaN	0.00000000	0.00000000	27.50000000	0.00000000	0.00000000	0.00000000	0.00000000	0.00000000	0.00000000	0.00000000	0.00000000	0.00000000	0.00000000
20:38:18	58.67300000	705.80000000	498.71658936	21653.00000000	11266.00000000	0.00000000	43.00000000	104103.00000000	0.00000000	705.49921243	-0.49682540	-7.00000000	102.09987200	145.03800170	0.00000000	-2.79990141	0.49991549	0.00000000	0.00000000	0.00000000	0.00000000	0.00000046	0.00000000	0.00000000	-9639607.94831837	462199.00000000	NaN	NaN	NaN	NaN	0.00000000	0.00000000	27.50000000	0.00000000	0.00000000	0.00000000	0.00000000	0.00000000	0.00000000	0.00000000	0.00000000	0.00000000	0.00000000
20:38:18	58.67300000	705.90000000	498.70987549	22423.00000000	11716.00000000	0.00000000	46.00000000	107673.00000000	0.00000000	705.59441724	-0.49682540	-7.00000000	102.09987200	145.03800170	0.00000000	-2.79990141	0.49991549	0.00000000	0.00000000	0.00000000	0.00000000	0.00000046	0.00000000	0.00000000	-9638477.90637157	462199.00000000	NaN	NaN	NaN	NaN	0.00000000	0.00000000	27.50000000	0.00000000	0.00000000	0.00000000	0.00000000	0.00000000	0.00000000	0.00000000	0.00000000	0.00000000	0.00000000
20:38:18	58.67300000	706.00000000	498.70621338	15701.00000000	8222.00000000	0.00000000	31.00000000	75211.00000000	0.00000000	705.66792742	-0.49682540	-7.00000000	102.09987200	145.03800170	0.00000000	-2.79990141	0.49991549	0.00000000	0.00000000	0.00000000	0.00000000	0.00000046	0.00000000	0.00000000	-9637850.20203854	462199.00000000	NaN	NaN	NaN	NaN	0.00000000	0.00000000	27.50000000	0.00000000	0.00000000	0.00000000	0.00000000	0.00000000	0.00000000	0.00000000	0.00000000	0.00000000	0.00000000
20:38:18	58.67300000	706.10000000	498.70845133	25654.00000000	13514.00000000	0.00000000	52.00000000	123544.00000000	0.00000000	705.80757656	-0.49682540	-7.00000000	102.09987200	145.03800170	0.00000000	-2.79990141	0.49991549	0.00000000	0.00000000	0.00000000	0.00000000	0.00000046	0.00000000	0.00000000	-9637038.62183964	462199.00000000	NaN	NaN	NaN	NaN	0.00000000	0.00000000	27.50000000	0.00000000	0.00000000	0.00000000	0.00000000	0.00000000	0.00000000	0.00000000	0.00000000	0.00000000	0.00000000
20:38:18	58.67300000	706.20000000	498.73774821	21131.00000000	11100.00000000	0.00000000	43.00000000	101178.00000000	0.00000000	705.92794678	-0.49682540	-7.00000000	102.09987200	145.03800170	0.00000000	-2.79990141	0.49991549	0.00000000	0.00000000	0.00000000	0.00000000	0.00000046	0.00000000	0.00000000	-9635846.60881483	462199.00000000	NaN	NaN	NaN	NaN	0.00000000	0.00000000	27.50000000	0.00000000	0.00000000	0.00000000	0.00000000	0.00000000	0.00000000	0.00000000	0.00000000	0.00000000	0.00000000
20:38:18	58.67300000	706.30000000	498.78250732	12610.00000000	6588.00000000	0.00000000	26.00000000	60358.00000000	0.00000000	706.00975913	-0.49682540	-7.00000000	102.09987200	145.03800170	0.00000000	-2.79990141	0.49991549	0.00000000	0.00000000	0.00000000	0.00000000	0.00000046	0.00000000	0.00000000	-9634970.61189781	462199.00000000	NaN	NaN	NaN	NaN	0.00000000	0.00000000	27.50000000	0.00000000	0.00000000	0.00000000	0.00000000	0.00000000	0.00000000	0.00000000	0.00000000	0.00000000	0.00000000
20:38:18	58.67300000	706.40000000	498.78138835	25475.00000000	13399.00000000	0.00000000	51.00000000	122098.00000000	0.00000000	706.09223792	-0.49682540	-7.00000000	102.09987200	145.03800170	0.00000000	-2.79990141	0.49991549	0.00000000	0.00000000	0.00000000	0.00000000	0.00000046	0.00000000	0.00000000	-9634272.02753254	462199.00000000	NaN	NaN	NaN	NaN	0.00000000	0.00000000	27.50000000	0.00000000	0.00000000	0.00000000	0.00000000	0.00000000	0.00000000	0.00000000	0.00000000	0.00000000	0.00000000
20:38:18	58.67300000	706.50000000	498.77792969	22695.00000000	11926.00000000	0.00000000	46.00000000	108487.00000000	0.00000000	706.17504991	-0.49682540	-7.00000000	102.09987200	145.03800170	0.00000000	-2.79990141	0.49991549	0.00000000	0.00000000	0.00000000	0.00000000	0.00000046	0.00000000	0.00000000	-9633567.23393806	462199.00000000	NaN	NaN	NaN	NaN	0.00000000	0.00000000	27.50000000	0.00000000	0.00000000	0.00000000	0.00000000	0.00000000	0.00000000	0.00000000	0.00000000	0.00000000	0.00000000
20:38:18	58.67300000	706.60000000	498.77792969	19557.00000000	10242.00000000	0.00000000	39.00000000	93225.00000000	0.00000000	706.30894188	-0.49682540	-7.00000000	102.09987200	145.03800170	0.00000000	-2.79990141	0.49991549	0.00000000	0.00000000	0.00000000	0.00000000	0.00000046	0.00000000	0.00000000	-9632744.23733463	462199.00000000	NaN	NaN	NaN	NaN	0.00000000	0.00000000	27.50000000	0.00000000	0.00000000	0.00000000	0.00000000	0.00000000	0.00000000	0.00000000	0.00000000	0.00000000	0.00000000
20:38:18	58.67300000	706.70000000	498.77675985	19526.00000000	10333.00000000	0.00000000	40.00000000	93964.00000000	0.00000000	706.42647956	-0.49682540	-7.00000000	102.09987200	145.03800170	0.00000000	-2.79990141	0.49991549	0.00000000	0.00000000	0.00000000	0.00000000	0.00000046	0.00000000	0.00000000	-9631601.89895430	462199.00000000	NaN	NaN	NaN	NaN	0.00000000	0.00000000	27.50000000	0.00000000	0.00000000	0.00000000	0.00000000	0.00000000	0.00000000	0.00000000	0.00000000	0.00000000	0.00000000
20:38:18	58.67300000	706.80000000	498.77452189	24097.00000000	12684.00000000	0.00000000	49.00000000	115031.00000000	0.00000000	706.51130864	-0.49682540	-7.00000000	102.09987200	145.03800170	0.00000000	-2.79990141	0.49991549	0.00000000	0.00000000	0.00000000	0.00000000	0.00000046	0.00000000	0.00000000	-9630701.35977431	462199.00000000	NaN	NaN	NaN	NaN	0.00000000	0.00000000	27.50000000	0.00000000	0.00000000	0.00000000	0.00000000	0.00000000	0.00000000	0.00000000	0.00000000	0.00000000	0.00000000
20:38:18	58.67300000	706.90000000	498.77594604	17202.00000000	9040.00000000	0.00000000	34.00000000	82234.00000000	0.00000000	706.62339159	-0.49682540	-7.00000000	102.09987200	145.03800170	0.00000000	-2.79990141	0.49991549	0.00000000	0.00000000	0.00000000	0.00000000	0.00000046	0.00000000	0.00000000	-9629972.87002534	462199.00000000	NaN	NaN	NaN	NaN	0.00000000	0.00000000	27.50000000	0.00000000	0.00000000	0.00000000	0.00000000	0.00000000	0.00000000	0.00000000	0.00000000	0.00000000	0.00000000
20:38:18	58.67300000	707.00000000	498.77792969	18159.00000000	9600.00000000	0.00000000	37.00000000	86936.00000000	0.00000000	706.74910148	-0.49682540	-7.00000000	102.09987200	145.03800170	0.00000000	-2.79990141	0.49991549	0.00000000	0.00000000	0.00000000	0.00000000	0.00000046	0.00000000	0.00000000	-9628943.28489128	462199.00000000	NaN	NaN	NaN	NaN	0.00000000	0.00000000	27.50000000	0.00000000	0.00000000	0.00000000	0.00000000	0.00000000	0.00000000	0.00000000	0.00000000	0.00000000	0.00000000
20:38:18	58.67300000	707.10000000	498.77792969	23570.00000000	12394.00000000	0.00000000	47.00000000	112348.00000000	0.00000000	706.83024693	-0.49682540	-7.00000000	102.09987200	145.03800170	0.00000000	-2.79990141	0.49991549	0.00000000	0.00000000	0.00000000	0.00000000	0.00000046	0.00000000	0.00000000	-9627959.21662836	462199.00000000	NaN	NaN	NaN	NaN	0.00000000	0.00000000	27.50000000	0.00000000	0.00000000	0.00000000	0.00000000	0.00000000	0.00000000	0.00000000	0.00000000	0.00000000	0.00000000
20:38:18	58.67300000	707.20000000	498.77518311	19570.00000000	10331.00000000	0.00000000	39.00000000	92802.00000000	0.00000000	706.93417908	-0.49682540	-7.00000000	102.09987200	145.03800170	0.00000000	-2.79990141	0.49991549	0.00000000	0.00000000	0.00000000	0.00000000	0.00000046	0.00000000	0.00000000	-9627267.63821473	462199.00000000	NaN	NaN	NaN	NaN	0.00000000	0.00000000	27.50000000	0.00000000	0.00000000	0.00000000	0.00000000	0.00000000	0.00000000	0.00000000	0.00000000	0.00000000	0.00000000
20:38:18	58.67300000	707.30000000	498.76846924	23385.00000000	12450.00000000	0.00000000	47.00000000	111596.00000000	0.00000000	707.08368464	-0.49682540	-7.00000000	102.09987200	145.03800170	0.00000000	-2.79990141	0.49991549	0.00000000	0.00000000	0.00000000	0.00000000	0.00000046	0.00000000	0.00000000	-9626270.14310059	462199.00000000	NaN	NaN	NaN	NaN	0.00000000	0.00000000	27.50000000	0.00000000	0.00000000	0.00000000	0.00000000	0.00000000	0.00000000	0.00000000	0.00000000	0.00000000	0.00000000
20:38:18	58.67300000	707.40000000	498.76806234	19042.00000000	10092.00000000	0.00000000	39.00000000	90627.00000000	0.00000000	707.18171261	-0.49682540	-7.00000000	102.09987200	145.03800170	0.00000000	-2.79990141	0.49991549	0.00000000	0.00000000	0.00000000	0.00000000	0.00000046	0.00000000	0.00000000	-9624999.27561577	462199.00000000	NaN	NaN	NaN	NaN	0.00000000	0.00000000	27.50000000	0.00000000	0.00000000	0.00000000	0.00000000	0.00000000	0.00000000	0.00000000	0.00000000	0.00000000	0.00000000
20:38:18	58.67300000	707.50000000	498.77030029	19595.00000000	10537.00000000	0.00000000	39.00000000	93001.00000000	0.00000000	707.25400180	-0.49682540	-7.00000000	102.09987200	145.03800170	0.00000000	-2.79990141	0.49991549	0.00000000	0.00000000	0.00000000	0.00000000	0.00000046	0.00000000	0.00000000	-9624281.57650026	462199.00000000	NaN	NaN	NaN	NaN	0.00000000	0.00000000	27.50000000	0.00000000	0.00000000	0.00000000	0.00000000	0.00000000	0.00000000	0.00000000	0.00000000	0.00000000	0.00000000
20:38:18	58.67300000	707.60000000	498.76806234	24596.00000000	13358.00000000	0.00000000	49.00000000	116567.00000000	0.00000000	707.32465125	-0.49682540	-7.00000000	102.09987200	145.03800170	0.00000000	-2.79990141	0.49991549	0.00000000	0.00000000	0.00000000	0.00000000	0.00000046	0.00000000	0.00000000	-9623668.57770637	462199.00000000	NaN	NaN	NaN	NaN	0.00000000	0.00000000	27.50000000	0.00000000	0.00000000	0.00000000	0.00000000	0.00000000	0.00000000	0.00000000	0.00000000	0.00000000	0.00000000
20:38:18	58.67300000	707.70000000	498.76582438	18527.00000000	10146.00000000	0.00000000	37.00000000	87759.00000000	0.00000000	707.41555943	-0.49682540	-7.00000000	102.09987200	145.03800170	0.00000000	-2.79990141	0.49991549	0.00000000	0.00000000	0.00000000	0.00000000	0.00000046	0.00000000	0.00000000	-9623063.30512339	462199.00000000	NaN	NaN	NaN	NaN	0.00000000	0.00000000	27.50000000	0.00000000	0.00000000	0.00000000	0.00000000	0.00000000	0.00000000	0.00000000	0.00000000	0.00000000	0.00000000
20:38:18	58.67300000	707.80000000	498.76358643	15540.00000000	8573.00000000	0.00000000	31.00000000	73762.00000000	0.00000000	707.54698509	-0.49682540	-7.00000000	102.09987200	145.03800170	0.00000000	-2.79990141	0.49991549	0.00000000	0.00000000	0.00000000	0.00000000	0.00000046	0.00000000	0.00000000	-9622218.69519187	462199.00000000	NaN	NaN	NaN	NaN	0.00000000	0.00000000	27.50000000	0.00000000	0.00000000	0.00000000	0.00000000	0.00000000	0.00000000	0.00000000	0.00000000	0.00000000	0.00000000
20:38:18	58.67300000	707.90000000	498.76399333	25491.00000000	14120.00000000	0.00000000	51.00000000	120752.00000000	0.00000000	707.64635612	-0.49682540	-7.00000000	102.09987200	145.03800170	0.00000000	-2.79990141	0.49991549	0.00000000	0.00000000	0.00000000	0.00000000	0.00000046	0.00000000	0.00000000	-9621106.25537033	462199.00000000	NaN	NaN	NaN	NaN	0.00000000	0.00000000	27.50000000	0.00000000	0.00000000	0.00000000	0.00000000	0.00000000	0.00000000	0.00000000	0.00000000	0.00000000	0.00000000
20:38:18	58.67300000	708.00000000	498.76623128	19602.00000000	10988.00000000	0.00000000	39.00000000	92891.00000000	0.00000000	707.72969983	-0.49682540	-7.00000000	102.09987200	145.03800170	0.00000000	-2.79990141	0.49991549	0.00000000	0.00000000	0.00000000	0.00000000	0.00000046	0.00000000	0.00000000	-9620312.28798287	462199.00000000	NaN	NaN	NaN	NaN	0.00000000	0.00000000	27.50000000	0.00000000	0.00000000	0.00000000	0.00000000	0.00000000	0.00000000	0.00000000	0.00000000	0.00000000	0.00000000
20:38:18	58.67300000	708.10000000	498.75260010	18354.00000000	10316.00000000	0.00000000	37.00000000	86857.00000000	0.00000000	707.87401476	-0.49682540	-7.00000000	102.09987200	145.03800170	0.00000000	-2.79990141	0.49991549	0.00000000	0.00000000	0.00000000	0.00000000	0.00000046	0.00000000	0.00000000	-9619552.54471388	462199.00000000	NaN	NaN	NaN	NaN	0.00000000	0.00000000	27.50000000	0.00000000	0.00000000	0.00000000	0.00000000	0.00000000	0.00000000	0.00000000	0.00000000	0.00000000	0.00000000
20:38:18	58.67300000	708.20000000	498.73815511	26501.00000000	14675.00000000	0.00000000	53.00000000	124878.00000000	0.00000000	707.99378148	-0.49682540	-7.00000000	102.09987200	145.03800170	0.00000000	-2.79990141	0.49991549	0.00000000	0.00000000	0.00000000	0.00000000	0.00000046	0.00000000	0.00000000	-9618328.63789507	462199.00000000	NaN	NaN	NaN	NaN	0.00000000	0.00000000	27.50000000	0.00000000	0.00000000	0.00000000	0.00000000	0.00000000	0.00000000	0.00000000	0.00000000	0.00000000	0.00000000
20:38:18	58.67300000	708.30000000	498.72920329	19897.00000000	10846.00000000	0.00000000	39.00000000	93855.00000000	0.00000000	708.06445180	-0.49682540	-7.00000000	102.09987200	145.03800170	0.00000000	-2.79990141	0.49991549	0.00000000	0.00000000	0.00000000	0.00000000	0.00000046	0.00000000	0.00000000	-9617364.48505410	462199.00000000	NaN	NaN	NaN	NaN	0.00000000	0.00000000	27.50000000	0.00000000	0.00000000	0.00000000	0.00000000	0.00000000	0.00000000	0.00000000	0.00000000	0.00000000	0.00000000
20:38:18	58.67300000	708.40000000	498.72559204	16900.00000000	9099.00000000	0.00000000	34.00000000	79415.00000000	0.00000000	708.18590711	-0.49682540	-7.00000000	102.09987200	145.03800170	0.00000000	-2.79990141	0.49991549	0.00000000	0.00000000	0.00000000	0.00000000	0.00000046	0.00000000	0.00000000	-9616765.39185766	462199.00000000	NaN	NaN	NaN	NaN	0.00000000	0.00000000	27.50000000	0.00000000	0.00000000	0.00000000	0.00000000	0.00000000	0.00000000	0.00000000	0.00000000	0.00000000	0.00000000
20:38:18	58.67300000	708.50000000	498.72783000	24242.00000000	13043.00000000	0.00000000	48.00000000	114206.00000000	0.00000000	708.33275491	-0.49682540	-7.00000000	102.09987200	145.03800170	0.00000000	-2.79990141	0.49991549	0.00000000	0.00000000	0.00000000	0.00000000	0.00000046	0.00000000	0.00000000	-9615693.87558277	462199.00000000	NaN	NaN	NaN	NaN	0.00000000	0.00000000	27.50000000	0.00000000	0.00000000	0.00000000	0.00000000	0.00000000	0.00000000	0.00000000	0.00000000	0.00000000	0.00000000
20:38:18	58.67300000	708.60000000	498.72660929	19408.00000000	10466.00000000	0.00000000	39.00000000	91140.00000000	0.00000000	708.41639296	-0.49682540	-7.00000000	102.09987200	145.03800170	0.00000000	-2.79990141	0.49991549	0.00000000	0.00000000	0.00000000	0.00000000	0.00000046	0.00000000	0.00000000	-9614472.10609770	462199.00000000	NaN	NaN	NaN	NaN	0.00000000	0.00000000	27.50000000	0.00000000	0.00000000	0.00000000	0.00000000	0.00000000	0.00000000	0.00000000	0.00000000	0.00000000	0.00000000
20:38:18	58.67300000	708.70000000	498.72421875	17928.00000000	9672.00000000	0.00000000	35.00000000	84527.00000000	0.00000000	708.51698480	-0.49682540	-7.00000000	102.09987200	145.03800170	0.00000000	-2.79990141	0.49991549	0.00000000	0.00000000	0.00000000	0.00000000	0.00000046	0.00000000	0.00000000	-9613764.16005056	462199.00000000	NaN	NaN	NaN	NaN	0.00000000	0.00000000	27.50000000	0.00000000	0.00000000	0.00000000	0.00000000	0.00000000	0.00000000	0.00000000	0.00000000	0.00000000	0.00000000
20:38:18	58.67300000	708.80000000	498.71974284	23420.00000000	12627.00000000	0.00000000	46.00000000	109785.00000000	0.00000000	708.65148426	-0.49682540	-7.00000000	102.09987200	145.03800170	0.00000000	-2.79990141	0.49991549	0.00000000	0.00000000	0.00000000	0.00000000	0.00000046	0.00000000	0.00000000	-9612901.19301265	462199.00000000	NaN	NaN	NaN	NaN	0.00000000	0.00000000	27.50000000	0.00000000	0.00000000	0.00000000	0.00000000	0.00000000	0.00000000	0.00000000	0.00000000	0.00000000	0.00000000
20:38:18	58.67300000	708.90000000	498.71689453	19425.00000000	10435.00000000	0.00000000	39.00000000	90896.00000000	0.00000000	708.74947348	-0.49682540	-7.00000000	102.09987200	145.03800170	0.00000000	-2.79990141	0.49991549	0.00000000	0.00000000	0.00000000	0.00000000	0.00000046	0.00000000	0.00000000	-9611762.09483493	462199.00000000	NaN	NaN	NaN	NaN	0.00000000	0.00000000	27.50000000	0.00000000	0.00000000	0.00000000	0.00000000	0.00000000	0.00000000	0.00000000	0.00000000	0.00000000	0.00000000
20:38:18	58.67300000	709.00000000	498.71689453	24579.00000000	13290.00000000	0.00000000	49.00000000	115359.00000000	0.00000000	708.82920759	-0.49682540	-7.00000000	102.09987200	145.03800170	0.00000000	-2.79990141	0.49991549	0.00000000	0.00000000	0.00000000	0.00000000	0.00000046	0.00000000	0.00000000	-9610935.93474231	462199.00000000	NaN	NaN	NaN	NaN	0.00000000	0.00000000	27.50000000	0.00000000	0.00000000	0.00000000	0.00000000	0.00000000	0.00000000	0.00000000	0.00000000	0.00000000	0.00000000
20:38:18	58.67300000	709.10000000	498.71689453	17217.00000000	9198.00000000	0.00000000	33.00000000	80313.00000000	0.00000000	708.95736064	-0.49682540	-7.00000000	102.09987200	145.03800170	0.00000000	-2.79990141	0.49991549	0.00000000	0.00000000	0.00000000	0.00000000	0.00000046	0.00000000	0.00000000	-9610261.02805749	462199.00000000	NaN	NaN	NaN	NaN	0.00000000	0.00000000	27.50000000	0.00000000	0.00000000	0.00000000	0.00000000	0.00000000	0.00000000	0.00000000	0.00000000	0.00000000	0.00000000
20:38:18	58.67300000	709.20000000	498.71689453	22407.00000000	11944.00000000	0.00000000	44.00000000	104767.00000000	0.00000000	709.06776982	-0.49682540	-7.00000000	102.09987200	145.03800170	0.00000000	-2.79990141	0.49991549	0.00000000	0.00000000	0.00000000	0.00000000	0.00000046	0.00000000	0.00000000	-9609177.01148894	462199.00000000	NaN	NaN	NaN	NaN	0.00000000	0.00000000	27.50000000	0.00000000	0.00000000	0.00000000	0.00000000	0.00000000	0.00000000	0.00000000	0.00000000	0.00000000	0.00000000
20:38:18	58.67300000	709.30000000	498.71689453	21786.00000000	11557.00000000	0.00000000	44.00000000	102165.00000000	0.00000000	709.14269128	-0.49682540	-7.00000000	102.09987200	145.03800170	0.00000000	-2.79990141	0.49991549	0.00000000	0.00000000	0.00000000	0.00000000	0.00000046	0.00000000	0.00000000	-9608227.91826888	462199.00000000	NaN	NaN	NaN	NaN	0.00000000	0.00000000	27.50000000	0.00000000	0.00000000	0.00000000	0.00000000	0.00000000	0.00000000	0.00000000	0.00000000	0.00000000	0.00000000
20:38:18	58.67300000	709.40000000	498.71689453	20825.00000000	10922.00000000	0.00000000	40.00000000	96764.00000000	0.00000000	709.25458739	-0.49682540	-7.00000000	102.09987200	145.03800170	0.00000000	-2.79990141	0.49991549	0.00000000	0.00000000	0.00000000	0.00000000	0.00000046	0.00000000	0.00000000	-9607599.32446050	462199.00000000	NaN	NaN	NaN	NaN	0.00000000	0.00000000	27.50000000	0.00000000	0.00000000	0.00000000	0.00000000	0.00000000	0.00000000	0.00000000	0.00000000	0.00000000	0.00000000
20:38:18	58.67300000	709.50000000	498.71689453	17802.00000000	9449.00000000	0.00000000	35.00000000	83161.00000000	0.00000000	709.38497083	-0.49682540	-7.00000000	102.09987200	145.03800170	0.00000000	-2.79990141	0.49991549	0.00000000	0.00000000	0.00000000	0.00000000	0.00000046	0.00000000	0.00000000	-9606655.73913308	462199.00000000	NaN	NaN	NaN	NaN	0.00000000	0.00000000	27.50000000	0.00000000	0.00000000	0.00000000	0.00000000	0.00000000	0.00000000	0.00000000	0.00000000	0.00000000	0.00000000
20:38:18	58.67300000	709.60000000	498.71689453	24235.00000000	12787.00000000	0.00000000	48.00000000	112905.00000000	0.00000000	709.46117088	-0.49682540	-7.00000000	102.09987200	145.03800170	0.00000000	-2.79990141	0.49991549	0.00000000	0.00000000	0.00000000	0.00000000	0.00000046	0.00000000	0.00000000	-9605517.43177571	462199.00000000	NaN	NaN	NaN	NaN	0.00000000	0.00000000	27.50000000	0.00000000	0.00000000	0.00000000	0.00000000	0.00000000	0.00000000	0.00000000	0.00000000	0.00000000	0.00000000
20:38:18	58.67300000	709.70000000	498.71689453	20328.00000000	10715.00000000	0.00000000	40.00000000	94708.00000000	0.00000000	709.53696778	-0.49682540	-7.00000000	102.09987200	145.03800170	0.00000000	-2.79990141	0.49991549	0.00000000	0.00000000	0.00000000	0.00000000	0.00000046	0.00000000	0.00000000	-9604827.13494075	462199.00000000	NaN	NaN	NaN	NaN	0.00000000	0.00000000	27.50000000	0.00000000	0.00000000	0.00000000	0.00000000	0.00000000	0.00000000	0.00000000	0.00000000	0.00000000	0.00000000
20:38:18	58.67300000	709.80000000	498.71689453	21328.00000000	11135.00000000	0.00000000	41.00000000	98943.00000000	0.00000000	709.61195839	-0.49682540	-7.00000000	102.09987200	145.03800170	0.00000000	-2.79990141	0.49991549	0.00000000	0.00000000	0.00000000	0.00000000	0.00000046	0.00000000	0.00000000	-9604184.81490276	462199.00000000	NaN	NaN	NaN	NaN	0.00000000	0.00000000	27.50000000	0.00000000	0.00000000	0.00000000	0.00000000	0.00000000	0.00000000	0.00000000	0.00000000	0.00000000	0.00000000
20:38:18	58.67300000	709.90000000	498.71658936	17431.00000000	9170.00000000	0.00000000	34.00000000	81332.00000000	0.00000000	709.73668850	-0.49682540	-7.00000000	102.09987200	145.03800170	0.00000000	-2.79990141	0.49991549	0.00000000	0.00000000	0.00000000	0.00000000	0.00000046	0.00000000	0.00000000	-9603589.97500600	462199.00000000	NaN	NaN	NaN	NaN	0.00000000	0.00000000	27.50000000	0.00000000	0.00000000	0.00000000	0.00000000	0.00000000	0.00000000	0.00000000	0.00000000	0.00000000	0.00000000
20:38:18	58.67300000	710.00000000	498.71435140	25574.00000000	13351.00000000	0.00000000	50.00000000	118621.00000000	0.00000000	709.88628836	-0.49682540	-7.00000000	102.09987200	145.03800170	0.00000000	-2.79990141	0.49991549	0.00000000	0.00000000	0.00000000	0.00000000	0.00000046	0.00000000	0.00000000	-9602626.33619621	462199.00000000	NaN	NaN	NaN	NaN	0.00000000	0.00000000	27.50000000	0.00000000	0.00000000	0.00000000	0.00000000	0.00000000	0.00000000	0.00000000	0.00000000	0.00000000	0.00000000
20:38:18	58.67300000	710.10000000	498.71404622	19250.00000000	10035.00000000	0.00000000	38.00000000	89449.00000000	0.00000000	709.96026302	-0.49682540	-7.00000000	102.09987200	145.03800170	0.00000000	-2.79990141	0.49991549	0.00000000	0.00000000	0.00000000	0.00000000	0.00000046	0.00000000	0.00000000	-9601375.03423428	462199.00000000	NaN	NaN	NaN	NaN	0.00000000	0.00000000	27.50000000	0.00000000	0.00000000	0.00000000	0.00000000	0.00000000	0.00000000	0.00000000	0.00000000	0.00000000	0.00000000
20:38:18	58.67300000	710.20000000	498.71628418	18714.00000000	9706.00000000	0.00000000	36.00000000	86754.00000000	0.00000000	710.05207589	-0.49682540	-7.00000000	102.09987200	145.03800170	0.00000000	-2.79990141	0.49991549	0.00000000	0.00000000	0.00000000	0.00000000	0.00000046	0.00000000	0.00000000	-9600674.53249487	462199.00000000	NaN	NaN	NaN	NaN	0.00000000	0.00000000	27.50000000	0.00000000	0.00000000	0.00000000	0.00000000	0.00000000	0.00000000	0.00000000	0.00000000	0.00000000	0.00000000
20:38:18	58.67300000	710.30000000	498.71526693	23991.00000000	12434.00000000	0.00000000	47.00000000	111368.00000000	0.00000000	710.17956519	-0.49682540	-7.00000000	102.09987200	145.03800170	0.00000000	-2.79990141	0.49991549	0.00000000	0.00000000	0.00000000	0.00000000	0.00000046	0.00000000	0.00000000	-9599965.26219351	462199.00000000	NaN	NaN	NaN	NaN	0.00000000	0.00000000	27.50000000	0.00000000	0.00000000	0.00000000	0.00000000	0.00000000	0.00000000	0.00000000	0.00000000	0.00000000	0.00000000
20:38:18	58.67300000	710.40000000	498.71277466	20187.00000000	10355.00000000	0.00000000	39.00000000	92761.00000000	0.00000000	710.27299883	-0.49682540	-7.00000000	102.09987200	145.03800170	0.00000000	-2.79990141	0.49991549	0.00000000	0.00000000	0.00000000	0.00000000	0.00000046	0.00000000	0.00000000	-9598889.86970499	462199.00000000	NaN	NaN	NaN	NaN	0.00000000	0.00000000	27.50000000	0.00000000	0.00000000	0.00000000	0.00000000	0.00000000	0.00000000	0.00000000	0.00000000	0.00000000	0.00000000
20:38:18	58.67300000	710.50000000	498.69934692	18367.00000000	9492.00000000	0.00000000	36.00000000	85214.00000000	0.00000000	710.34940464	-0.49682540	-7.00000000	102.09987200	145.03800170	0.00000000	-2.79990141	0.49991549	0.00000000	0.00000000	0.00000000	0.00000000	0.00000046	0.00000000	0.00000000	-9598032.66867999	462199.00000000	NaN	NaN	NaN	NaN	0.00000000	0.00000000	27.50000000	0.00000000	0.00000000	0.00000000	0.00000000	0.00000000	0.00000000	0.00000000	0.00000000	0.00000000	0.00000000
20:38:18	58.67300000	710.60000000	498.68947957	25142.00000000	12951.00000000	0.00000000	49.00000000	115944.00000000	0.00000000	710.48172844	-0.49682540	-7.00000000	102.09987200	145.03800170	0.00000000	-2.79990141	0.49991549	0.00000000	0.00000000	0.00000000	0.00000000	0.00000046	0.00000000	0.00000000	-9597388.81041932	462199.00000000	NaN	NaN	NaN	NaN	0.00000000	0.00000000	27.50000000	0.00000000	0.00000000	0.00000000	0.00000000	0.00000000	0.00000000	0.00000000	0.00000000	0.00000000	0.00000000
20:38:18	58.67300000	710.70000000	498.68724162	18983.00000000	9723.00000000	0.00000000	37.00000000	87747.00000000	0.00000000	710.59581858	-0.49682540	-7.00000000	102.09987200	145.03800170	0.00000000	-2.79990141	0.49991549	0.00000000	0.00000000	0.00000000	0.00000000	0.00000046	0.00000000	0.00000000	-9596358.72467456	462199.00000000	NaN	NaN	NaN	NaN	0.00000000	0.00000000	27.50000000	0.00000000	0.00000000	0.00000000	0.00000000	0.00000000	0.00000000	0.00000000	0.00000000	0.00000000	0.00000000
20:38:18	58.67300000	710.80000000	498.68363037	20668.00000000	10623.00000000	0.00000000	40.00000000	95386.00000000	0.00000000	710.67344140	-0.49682540	-7.00000000	102.09987200	145.03800170	0.00000000	-2.79990141	0.49991549	0.00000000	0.00000000	0.00000000	0.00000000	0.00000046	0.00000000	0.00000000	-9595306.17209353	462199.00000000	NaN	NaN	NaN	NaN	0.00000000	0.00000000	27.50000000	0.00000000	0.00000000	0.00000000	0.00000000	0.00000000	0.00000000	0.00000000	0.00000000	0.00000000	0.00000000
20:38:18	58.67300000	710.90000000	498.67915446	23941.00000000	12255.00000000	0.00000000	47.00000000	110218.00000000	0.00000000	710.79222112	-0.49682540	-7.00000000	102.09987200	145.03800170	0.00000000	-2.79990141	0.49991549	0.00000000	0.00000000	0.00000000	0.00000000	0.00000046	0.00000000	0.00000000	-9594652.64482495	462199.00000000	NaN	NaN	NaN	NaN	0.00000000	0.00000000	27.50000000	0.00000000	0.00000000	0.00000000	0.00000000	0.00000000	0.00000000	0.00000000	0.00000000	0.00000000	0.00000000
20:38:18	58.67300000	711.00000000	498.67467855	19320.00000000	9834.00000000	0.00000000	37.00000000	88818.00000000	0.00000000	710.93157929	-0.49682540	-7.00000000	102.09987200	145.03800170	0.00000000	-2.79990141	0.49991549	0.00000000	0.00000000	0.00000000	0.00000000	0.00000046	0.00000000	0.00000000	-9593765.71571612	462199.00000000	NaN	NaN	NaN	NaN	0.00000000	0.00000000	27.50000000	0.00000000	0.00000000	0.00000000	0.00000000	0.00000000	0.00000000	0.00000000	0.00000000	0.00000000	0.00000000
20:38:18	58.67300000	711.10000000	498.67020264	18256.00000000	9357.00000000	0.00000000	36.00000000	84208.00000000	0.00000000	711.00556125	-0.49682540	-7.00000000	102.09987200	145.03800170	0.00000000	-2.79990141	0.49991549	0.00000000	0.00000000	0.00000000	0.00000000	0.00000046	0.00000000	0.00000000	-9592592.86935297	462199.00000000	NaN	NaN	NaN	NaN	0.00000000	0.00000000	27.50000000	0.00000000	0.00000000	0.00000000	0.00000000	0.00000000	0.00000000	0.00000000	0.00000000	0.00000000	0.00000000
20:38:18	58.67300000	711.20000000	498.66572673	22464.00000000	11431.00000000	0.00000000	43.00000000	103045.00000000	0.00000000	711.10054089	-0.49682540	-7.00000000	102.09987200	145.03800170	0.00000000	-2.79990141	0.49991549	0.00000000	0.00000000	0.00000000	0.00000000	0.00000046	0.00000000	0.00000000	-9591841.09392105	462199.00000000	NaN	NaN	NaN	NaN	0.00000000	0.00000000	27.50000000	0.00000000	0.00000000	0.00000000	0.00000000	0.00000000	0.00000000	0.00000000	0.00000000	0.00000000	0.00000000
20:38:18	58.67300000	711.30000000	498.66236979	22787.00000000	11556.00000000	0.00000000	44.00000000	104435.00000000	0.00000000	711.23751588	-0.49682540	-7.00000000	102.09987200	145.03800170	0.00000000	-2.79990141	0.49991549	0.00000000	0.00000000	0.00000000	0.00000000	0.00000046	0.00000000	0.00000000	-9591177.64205202	462199.00000000	NaN	NaN	NaN	NaN	0.00000000	0.00000000	27.50000000	0.00000000	0.00000000	0.00000000	0.00000000	0.00000000	0.00000000	0.00000000	0.00000000	0.00000000	0.00000000
20:38:18	58.67300000	711.40000000	498.66013184	20974.00000000	10648.00000000	0.00000000	41.00000000	96177.00000000	0.00000000	711.33676408	-0.49682540	-7.00000000	102.09987200	145.03800170	0.00000000	-2.79990141	0.49991549	0.00000000	0.00000000	0.00000000	0.00000000	0.00000046	0.00000000	0.00000000	-9590025.55161791	462199.00000000	NaN	NaN	NaN	NaN	0.00000000	0.00000000	27.50000000	0.00000000	0.00000000	0.00000000	0.00000000	0.00000000	0.00000000	0.00000000	0.00000000	0.00000000	0.00000000
20:38:18	58.67300000	711.50000000	498.65789388	17946.00000000	9076.00000000	0.00000000	35.00000000	82354.00000000	0.00000000	711.41714889	-0.49682540	-7.00000000	102.09987200	145.03800170	0.00000000	-2.79990141	0.49991549	0.00000000	0.00000000	0.00000000	0.00000000	0.00000046	0.00000000	0.00000000	-9589061.04430041	462199.00000000	NaN	NaN	NaN	NaN	0.00000000	0.00000000	27.50000000	0.00000000	0.00000000	0.00000000	0.00000000	0.00000000	0.00000000	0.00000000	0.00000000	0.00000000	0.00000000
20:38:18	58.67300000	711.60000000	498.65585937	25364.00000000	12859.00000000	0.00000000	49.00000000	115853.00000000	0.00000000	711.55048401	-0.49682540	-7.00000000	102.09987200	145.03800170	0.00000000	-2.79990141	0.49991549	0.00000000	0.00000000	0.00000000	0.00000000	0.00000046	0.00000000	0.00000000	-9588385.95093426	462199.00000000	NaN	NaN	NaN	NaN	0.00000000	0.00000000	27.50000000	0.00000000	0.00000000	0.00000000	0.00000000	0.00000000	0.00000000	0.00000000	0.00000000	0.00000000	0.00000000
20:38:18	58.67300000	711.70000000	498.65585937	20554.00000000	10421.00000000	0.00000000	39.00000000	94252.00000000	0.00000000	711.66485902	-0.49682540	-7.00000000	102.09987200	145.03800170	0.00000000	-2.79990141	0.49991549	0.00000000	0.00000000	0.00000000	0.00000000	0.00000046	0.00000000	0.00000000	-9587386.69837411	462199.00000000	NaN	NaN	NaN	NaN	0.00000000	0.00000000	27.50000000	0.00000000	0.00000000	0.00000000	0.00000000	0.00000000	0.00000000	0.00000000	0.00000000	0.00000000	0.00000000
20:38:18	58.67300000	711.80000000	498.65585937	16782.00000000	8483.00000000	0.00000000	33.00000000	76745.00000000	0.00000000	711.74131381	-0.49682540	-7.00000000	102.09987200	145.03800170	0.00000000	-2.79990141	0.49991549	0.00000000	0.00000000	0.00000000	0.00000000	0.00000046	0.00000000	0.00000000	-9586264.03751316	462199.00000000	NaN	NaN	NaN	NaN	0.00000000	0.00000000	27.50000000	0.00000000	0.00000000	0.00000000	0.00000000	0.00000000	0.00000000	0.00000000	0.00000000	0.00000000	0.00000000
20:38:18	58.67300000	711.90000000	498.65585937	27454.00000000	13873.00000000	0.00000000	53.00000000	125675.00000000	0.00000000	711.85894259	-0.49682540	-7.00000000	102.09987200	145.03800170	0.00000000	-2.79990141	0.49991549	0.00000000	0.00000000	0.00000000	0.00000000	0.00000046	0.00000000	0.00000000	-9585592.54490768	462199.00000000	NaN	NaN	NaN	NaN	0.00000000	0.00000000	27.50000000	0.00000000	0.00000000	0.00000000	0.00000000	0.00000000	0.00000000	0.00000000	0.00000000	0.00000000	0.00000000
20:38:18	58.67300000	712.00000000	498.65585937	18744.00000000	9397.00000000	0.00000000	36.00000000	85478.00000000	0.00000000	711.99715836	-0.49682540	-7.00000000	102.09987200	145.03800170	0.00000000	-2.79990141	0.49991549	0.00000000	0.00000000	0.00000000	0.00000000	0.00000046	0.00000000	0.00000000	-9584761.92428326	462199.00000000	NaN	NaN	NaN	NaN	0.00000000	0.00000000	27.50000000	0.00000000	0.00000000	0.00000000	0.00000000	0.00000000	0.00000000	0.00000000	0.00000000	0.00000000	0.00000000
20:38:18	58.67300000	712.10000000	498.65585937	18184.00000000	9173.00000000	0.00000000	35.00000000	82645.00000000	0.00000000	712.07714194	-0.49682540	-7.00000000	102.09987200	145.03800170	0.00000000	-2.79990141	0.49991549	0.00000000	0.00000000	0.00000000	0.00000000	0.00000046	0.00000000	0.00000000	-9583618.35188824	462199.00000000	NaN	NaN	NaN	NaN	0.00000000	0.00000000	27.50000000	0.00000000	0.00000000	0.00000000	0.00000000	0.00000000	0.00000000	0.00000000	0.00000000	0.00000000	0.00000000
20:38:18	58.67300000	712.20000000	498.65585937	25567.00000000	12868.00000000	0.00000000	49.00000000	116693.00000000	0.00000000	712.17781341	-0.49682540	-7.00000000	102.09987200	145.03800170	0.00000000	-2.79990141	0.49991549	0.00000000	0.00000000	0.00000000	0.00000000	0.00000046	0.00000000	0.00000000	-9582796.21509173	462199.00000000	NaN	NaN	NaN	NaN	0.00000000	0.00000000	27.50000000	0.00000000	0.00000000	0.00000000	0.00000000	0.00000000	0.00000000	0.00000000	0.00000000	0.00000000	0.00000000
20:38:18	58.67300000	712.30000000	498.65585937	20945.00000000	10515.00000000	0.00000000	40.00000000	95163.00000000	0.00000000	712.31986067	-0.49682540	-7.00000000	102.09987200	145.03800170	0.00000000	-2.79990141	0.49991549	0.00000000	0.00000000	0.00000000	0.00000000	0.00000046	0.00000000	0.00000000	-9582145.88008062	462199.00000000	NaN	NaN	NaN	NaN	0.00000000	0.00000000	27.50000000	0.00000000	0.00000000	0.00000000	0.00000000	0.00000000	0.00000000	0.00000000	0.00000000	0.00000000	0.00000000
20:38:18	58.67300000	712.40000000	498.65585937	18938.00000000	9472.00000000	0.00000000	37.00000000	85963.00000000	0.00000000	712.42401189	-0.49682540	-7.00000000	102.09987200	145.03800170	0.00000000	-2.79990141	0.49991549	0.00000000	0.00000000	0.00000000	0.00000000	0.00000046	0.00000000	0.00000000	-9580980.05048924	462199.00000000	NaN	NaN	NaN	NaN	0.00000000	0.00000000	27.50000000	0.00000000	0.00000000	0.00000000	0.00000000	0.00000000	0.00000000	0.00000000	0.00000000	0.00000000	0.00000000
20:38:18	58.67300000	712.50000000	498.65585937	24347.00000000	12205.00000000	0.00000000	47.00000000	111105.00000000	0.00000000	712.50921510	-0.49682540	-7.00000000	102.09987200	145.03800170	0.00000000	-2.79990141	0.49991549	0.00000000	0.00000000	0.00000000	0.00000000	0.00000046	0.00000000	0.00000000	-9579928.31655083	462199.00000000	NaN	NaN	NaN	NaN	0.00000000	0.00000000	27.50000000	0.00000000	0.00000000	0.00000000	0.00000000	0.00000000	0.00000000	0.00000000	0.00000000	0.00000000	0.00000000
20:38:18	58.67300000	712.60000000	498.65585937	19003.00000000	9513.00000000	0.00000000	36.00000000	86036.00000000	0.00000000	712.57568592	-0.49682540	-7.00000000	102.09987200	145.03800170	0.00000000	-2.79990141	0.49991549	0.00000000	0.00000000	0.00000000	0.00000000	0.00000046	0.00000000	0.00000000	-9579214.70234883	462199.00000000	NaN	NaN	NaN	NaN	0.00000000	0.00000000	27.50000000	0.00000000	0.00000000	0.00000000	0.00000000	0.00000000	0.00000000	0.00000000	0.00000000	0.00000000	0.00000000
20:38:18	58.67300000	712.70000000	498.65006104	24337.00000000	12219.00000000	0.00000000	47.00000000	110717.00000000	0.00000000	712.66714895	-0.49682540	-7.00000000	102.09987200	145.03800170	0.00000000	-2.79990141	0.49991549	0.00000000	0.00000000	0.00000000	0.00000000	0.00000046	0.00000000	0.00000000	-9578594.55666589	462199.00000000	NaN	NaN	NaN	NaN	0.00000000	0.00000000	27.50000000	0.00000000	0.00000000	0.00000000	0.00000000	0.00000000	0.00000000	0.00000000	0.00000000	0.00000000	0.00000000
20:38:18	58.67300000	712.80000000	498.64405924	17814.00000000	8843.00000000	0.00000000	34.00000000	80368.00000000	0.00000000	712.80859638	-0.49682540	-7.00000000	102.09987200	145.03800170	0.00000000	-2.79990141	0.49991549	0.00000000	0.00000000	0.00000000	0.00000000	0.00000046	0.00000000	0.00000000	-9578037.89903362	462199.00000000	NaN	NaN	NaN	NaN	0.00000000	0.00000000	27.50000000	0.00000000	0.00000000	0.00000000	0.00000000	0.00000000	0.00000000	0.00000000	0.00000000	0.00000000	0.00000000
20:38:18	58.67300000	712.90000000	498.64182129	21304.00000000	10625.00000000	0.00000000	40.00000000	96393.00000000	0.00000000	712.94914377	-0.49682540	-7.00000000	102.09987200	145.03800170	0.00000000	-2.79990141	0.49991549	0.00000000	0.00000000	0.00000000	0.00000000	0.00000046	0.00000000	0.00000000	-9576909.97966060	462199.00000000	NaN	NaN	NaN	NaN	0.00000000	0.00000000	27.50000000	0.00000000	0.00000000	0.00000000	0.00000000	0.00000000	0.00000000	0.00000000	0.00000000	0.00000000	0.00000000
20:38:18	58.67300000	713.00000000	498.64060059	23230.00000000	11534.00000000	0.00000000	45.00000000	105136.00000000	0.00000000	713.08924112	-0.49682540	-7.00000000	102.09987200	145.03800170	0.00000000	-2.79990141	0.49991549	0.00000000	0.00000000	0.00000000	0.00000000	0.00000046	0.00000000	0.00000000	-9575728.60090837	462199.00000000	NaN	NaN	NaN	NaN	0.00000000	0.00000000	27.50000000	0.00000000	0.00000000	0.00000000	0.00000000	0.00000000	0.00000000	0.00000000	0.00000000	0.00000000	0.00000000
20:38:18	58.67300000	713.10000000	498.64060059	21320.00000000	10621.00000000	0.00000000	40.00000000	96156.00000000	0.00000000	713.16245916	-0.49682540	-7.00000000	102.09987200	145.03800170	0.00000000	-2.79990141	0.49991549	0.00000000	0.00000000	0.00000000	0.00000000	0.00000046	0.00000000	0.00000000	-9574557.43944657	462199.00000000	NaN	NaN	NaN	NaN	0.00000000	0.00000000	27.50000000	0.00000000	0.00000000	0.00000000	0.00000000	0.00000000	0.00000000	0.00000000	0.00000000	0.00000000	0.00000000
20:38:18	58.67300000	713.20000000	498.63892212	19321.00000000	9597.00000000	0.00000000	37.00000000	87433.00000000	0.00000000	713.23687054	-0.49682540	-7.00000000	102.09987200	145.03800170	0.00000000	-2.79990141	0.49991549	0.00000000	0.00000000	0.00000000	0.00000000	0.00000046	0.00000000	0.00000000	-9573687.79231516	462199.00000000	NaN	NaN	NaN	NaN	0.00000000	0.00000000	27.50000000	0.00000000	0.00000000	0.00000000	0.00000000	0.00000000	0.00000000	0.00000000	0.00000000	0.00000000	0.00000000
20:38:18	58.67300000	713.30000000	498.63648071	26251.00000000	13039.00000000	0.00000000	50.00000000	118064.00000000	0.00000000	713.31366860	-0.49682540	-7.00000000	102.09987200	145.03800170	0.00000000	-2.79990141	0.49991549	0.00000000	0.00000000	0.00000000	0.00000000	0.00000046	0.00000000	0.00000000	-9573075.68867430	462199.00000000	NaN	NaN	NaN	NaN	0.00000000	0.00000000	27.50000000	0.00000000	0.00000000	0.00000000	0.00000000	0.00000000	0.00000000	0.00000000	0.00000000	0.00000000	0.00000000
20:38:18	58.67300000	713.40000000	498.62976685	18479.00000000	9169.00000000	0.00000000	35.00000000	83312.00000000	0.00000000	713.44254568	-0.49682540	-7.00000000	102.09987200	145.03800170	0.00000000	-2.79990141	0.49991549	0.00000000	0.00000000	0.00000000	0.00000000	0.00000046	0.00000000	0.00000000	-9572437.53447844	462199.00000000	NaN	NaN	NaN	NaN	0.00000000	0.00000000	27.50000000	0.00000000	0.00000000	0.00000000	0.00000000	0.00000000	0.00000000	0.00000000	0.00000000	0.00000000	0.00000000
20:38:18	58.67300000	713.50000000	498.62229004	16102.00000000	7983.00000000	0.00000000	31.00000000	72464.00000000	0.00000000	713.59746228	-0.49682540	-7.00000000	102.09987200	145.03800170	0.00000000	-2.79990141	0.49991549	0.00000000	0.00000000	0.00000000	0.00000000	0.00000046	0.00000000	0.00000000	-9571684.00831531	462199.00000000	NaN	NaN	NaN	NaN	0.00000000	0.00000000	27.50000000	0.00000000	0.00000000	0.00000000	0.00000000	0.00000000	0.00000000	0.00000000	0.00000000	0.00000000	0.00000000
20:38:18	58.67300000	713.60000000	498.61333822	27876.00000000	13808.00000000	0.00000000	52.00000000	125372.00000000	0.00000000	713.67307671	-0.49682540	-7.00000000	102.09987200	145.03800170	0.00000000	-2.79990141	0.49991549	0.00000000	0.00000000	0.00000000	0.00000000	0.00000046	0.00000000	0.00000000	-9570383.29679255	462199.00000000	NaN	NaN	NaN	NaN	0.00000000	0.00000000	27.50000000	0.00000000	0.00000000	0.00000000	0.00000000	0.00000000	0.00000000	0.00000000	0.00000000	0.00000000	0.00000000
20:38:18	58.67300000	713.70000000	498.61008301	20364.00000000	10121.00000000	0.00000000	39.00000000	91677.00000000	0.00000000	713.76978577	-0.49682540	-7.00000000	102.09987200	145.03800170	0.00000000	-2.79990141	0.49991549	0.00000000	0.00000000	0.00000000	0.00000000	0.00000046	0.00000000	0.00000000	-9569400.34095266	462199.00000000	NaN	NaN	NaN	NaN	0.00000000	0.00000000	27.50000000	0.00000000	0.00000000	0.00000000	0.00000000	0.00000000	0.00000000	0.00000000	0.00000000	0.00000000	0.00000000
20:38:18	58.67300000	713.80000000	498.61008301	18490.00000000	9117.00000000	0.00000000	35.00000000	82929.00000000	0.00000000	713.90868413	-0.49682540	-7.00000000	102.09987200	145.03800170	0.00000000	-2.79990141	0.49991549	0.00000000	0.00000000	0.00000000	0.00000000	0.00000046	0.00000000	0.00000000	-9568757.30979678	462199.00000000	NaN	NaN	NaN	NaN	0.00000000	0.00000000	27.50000000	0.00000000	0.00000000	0.00000000	0.00000000	0.00000000	0.00000000	0.00000000	0.00000000	0.00000000	0.00000000
20:38:18	58.67300000	713.90000000	498.61008301	25189.00000000	12447.00000000	0.00000000	48.00000000	113071.00000000	0.00000000	714.00589800	-0.49682540	-7.00000000	102.09987200	145.03800170	0.00000000	-2.79990141	0.49991549	0.00000000	0.00000000	0.00000000	0.00000000	0.00000046	0.00000000	0.00000000	-9567717.96523686	462199.00000000	NaN	NaN	NaN	NaN	0.00000000	0.00000000	27.50000000	0.00000000	0.00000000	0.00000000	0.00000000	0.00000000	0.00000000	0.00000000	0.00000000	0.00000000	0.00000000
20:38:18	58.67300000	714.00000000	498.60855713	19631.00000000	9688.00000000	0.00000000	36.00000000	87710.00000000	0.00000000	714.08226963	-0.49682540	-7.00000000	102.09987200	145.03800170	0.00000000	-2.79990141	0.49991549	0.00000000	0.00000000	0.00000000	0.00000000	0.00000046	0.00000000	0.00000000	-9566634.65670021	462199.00000000	NaN	NaN	NaN	NaN	0.00000000	0.00000000	27.50000000	0.00000000	0.00000000	0.00000000	0.00000000	0.00000000	0.00000000	0.00000000	0.00000000	0.00000000	0.00000000
20:38:18	58.67300000	714.10000000	498.60184326	20649.00000000	10180.00000000	0.00000000	39.00000000	92581.00000000	0.00000000	714.21735343	-0.49682540	-7.00000000	102.09987200	145.03800170	0.00000000	-2.79990141	0.49991549	0.00000000	0.00000000	0.00000000	0.00000000	0.00000046	0.00000000	0.00000000	-9565997.77593134	462199.00000000	NaN	NaN	NaN	NaN	0.00000000	0.00000000	27.50000000	0.00000000	0.00000000	0.00000000	0.00000000	0.00000000	0.00000000	0.00000000	0.00000000	0.00000000	0.00000000
20:38:18	58.67300000	714.20000000	498.59863892	25287.00000000	12447.00000000	0.00000000	48.00000000	112708.00000000	0.00000000	714.33284829	-0.49682540	-7.00000000	102.09987200	145.03800170	0.00000000	-2.79990141	0.49991549	0.00000000	0.00000000	0.00000000	0.00000000	0.00000046	0.00000000	0.00000000	-9565152.05567612	462199.00000000	NaN	NaN	NaN	NaN	0.00000000	0.00000000	27.50000000	0.00000000	0.00000000	0.00000000	0.00000000	0.00000000	0.00000000	0.00000000	0.00000000	0.00000000	0.00000000
20:38:18	58.67300000	714.30000000	498.59863892	19327.00000000	9550.00000000	0.00000000	36.00000000	86706.00000000	0.00000000	714.40916529	-0.49682540	-7.00000000	102.09987200	145.03800170	0.00000000	-2.79990141	0.49991549	0.00000000	0.00000000	0.00000000	0.00000000	0.00000046	0.00000000	0.00000000	-9564026.05084713	462199.00000000	NaN	NaN	NaN	NaN	0.00000000	0.00000000	27.50000000	0.00000000	0.00000000	0.00000000	0.00000000	0.00000000	0.00000000	0.00000000	0.00000000	0.00000000	0.00000000
20:38:18	58.67300000	714.40000000	498.59680786	18053.00000000	8914.00000000	0.00000000	35.00000000	80574.00000000	0.00000000	714.49864433	-0.49682540	-7.00000000	102.09987200	145.03800170	0.00000000	-2.79990141	0.49991549	0.00000000	0.00000000	0.00000000	0.00000000	0.00000046	0.00000000	0.00000000	-9563263.62820718	462199.00000000	NaN	NaN	NaN	NaN	0.00000000	0.00000000	27.50000000	0.00000000	0.00000000	0.00000000	0.00000000	0.00000000	0.00000000	0.00000000	0.00000000	0.00000000	0.00000000
20:38:18	58.67300000	714.50000000	498.59482422	25836.00000000	12665.00000000	0.00000000	48.00000000	114918.00000000	0.00000000	714.59470439	-0.49682540	-7.00000000	102.09987200	145.03800170	0.00000000	-2.79990141	0.49991549	0.00000000	0.00000000	0.00000000	0.00000000	0.00000046	0.00000000	0.00000000	-9562618.90320852	462199.00000000	NaN	NaN	NaN	NaN	0.00000000	0.00000000	27.50000000	0.00000000	0.00000000	0.00000000	0.00000000	0.00000000	0.00000000	0.00000000	0.00000000	0.00000000	0.00000000
20:38:18	58.67300000	714.60000000	498.59482422	19508.00000000	9595.00000000	0.00000000	37.00000000	87090.00000000	0.00000000	714.62299097	-0.49682540	-7.00000000	102.09987200	145.03800170	0.00000000	-2.79990141	0.49991549	0.00000000	0.00000000	0.00000000	0.00000000	0.00000046	0.00000000	0.00000000	-9561822.89013137	462199.00000000	NaN	NaN	NaN	NaN	0.00000000	0.00000000	27.50000000	0.00000000	0.00000000	0.00000000	0.00000000	0.00000000	0.00000000	0.00000000	0.00000000	0.00000000	0.00000000
20:38:18	58.67300000	714.70000000	498.59482422	19368.00000000	9557.00000000	0.00000000	36.00000000	86321.00000000	0.00000000	714.65127756	-0.49682540	-7.00000000	102.09987200	145.03800170	0.00000000	-2.79990141	0.49991549	0.00000000	0.00000000	0.00000000	0.00000000	0.00000046	0.00000000	0.00000000	-9561235.02623363	462199.00000000	NaN	NaN	NaN	NaN	0.00000000	0.00000000	27.50000000	0.00000000	0.00000000	0.00000000	0.00000000	0.00000000	0.00000000	0.00000000	0.00000000	0.00000000	0.00000000
20:38:18	58.67300000	714.80000000	498.59482422	24579.00000000	12050.00000000	0.00000000	46.00000000	108964.00000000	0.00000000	714.67956414	-0.49682540	-7.00000000	102.09987200	145.03800170	0.00000000	-2.79990141	0.49991549	0.00000000	0.00000000	0.00000000	0.00000000	0.00000046	0.00000000	0.00000000	-9561000.38518579	462199.00000000	NaN	NaN	NaN	NaN	0.00000000	0.00000000	27.50000000	0.00000000	0.00000000	0.00000000	0.00000000	0.00000000	0.00000000	0.00000000	0.00000000	0.00000000	0.00000000
20:38:18	58.67300000	714.90000000	498.59482422	20824.00000000	10222.00000000	0.00000000	39.00000000	92564.00000000	0.00000000	714.71750582	-0.49682540	-7.00000000	102.09987200	145.03800170	0.00000000	-2.79990141	0.49991549	0.00000000	0.00000000	0.00000000	0.00000000	0.00000046	0.00000000	0.00000000	-9560764.45766006	462199.00000000	NaN	NaN	NaN	NaN	0.00000000	0.00000000	27.50000000	0.00000000	0.00000000	0.00000000	0.00000000	0.00000000	0.00000000	0.00000000	0.00000000	0.00000000	0.00000000
20:38:18	58.67300000	715.00000000	498.59482422	21356.00000000	10464.00000000	0.00000000	40.00000000	94826.00000000	0.00000000	714.76027506	-0.49682540	-7.00000000	102.09987200	145.03800170	0.00000000	-2.79990141	0.49991549	0.00000000	0.00000000	0.00000000	0.00000000	0.00000046	0.00000000	0.00000000	-9560527.93961989	462199.00000000	NaN	NaN	NaN	NaN	0.00000000	0.00000000	27.50000000	0.00000000	0.00000000	0.00000000	0.00000000	0.00000000	0.00000000	0.00000000	0.00000000	0.00000000	0.00000000
